boxplot(A)

colMeans(A)
   Maths   Science  Francais     Latin        DM 
 9.666667  9.833333 10.222222 10.055556 11.000000 
 
 var(A)
              Maths   Science  Francais     Latin     DM
Maths    12.812500 11.156250  2.989583  5.427083 0.1250
Science  11.156250 10.062500  4.635417  6.166667 0.0625
Francais  2.989583  4.635417 13.569444 10.454861 0.4375
Latin     5.427083  6.166667 10.454861  8.902778 0.7500
DM        0.125000  0.062500  0.437500  0.750000 9.7500

> sd(Maths)
[1] 3.579455
> sd(Science)
[1] 3.172144
> sd(Francais
+ )
[1] 3.683673
> sd(Latin)
[1] 2.983752
> sd(DM)
[1] 3.122499

> B=scale(A, center=TRUE, scale=FALSE)
       Maths    Science   Francais      Latin DM
A -3.6666667 -3.8333333 -5.2222222 -4.5555556 -3
B -1.6666667 -1.8333333 -2.2222222 -2.0555556 -2
C -3.6666667 -2.8333333  0.7777778 -0.5555556  0
D  4.8333333  4.6666667  5.2777778  4.9444444 -3
E  4.3333333  4.1666667  1.7777778  2.4444444 -1
F  1.3333333  0.1666667 -4.7222222 -3.0555556  2
G -4.1666667 -2.8333333  3.7777778  1.4444444 -1
H  3.3333333  2.6666667 -1.7222222 -0.5555556  1
I -0.6666667 -0.3333333  2.2777778  1.9444444  7
attr(,"scaled:center")
    Maths   Science  Francais     Latin        DM 
 9.666667  9.833333 10.222222 10.055556 11.000000 


> V=t(B)%*%B
             Maths  Science  Francais    Latin   DM
Maths    102.50000 89.25000  23.91667 43.41667  1.0
Science   89.25000 80.50000  37.08333 49.33333  0.5
Francais  23.91667 37.08333 108.55556 83.63889  3.5
Latin     43.41667 49.33333  83.63889 71.22222  6.0
DM         1.00000  0.50000   3.50000  6.00000 78.0


> i=sum(diag(C))
[1] 440.7778

> sqrt(diag(C)/9)
   Maths  Science Francais    Latin       DM 
3.374743 2.990726 3.473000 2.813109 2.943920 

> vec=eigen(V)
> vec$values
[1] 254.27924821 108.67250947  77.54160222   0.19558964   0.08882824

> vec$vectors
            [,1]       [,2]        [,3]        [,4]        [,5]
[1,] -0.51453535  0.5669492 -0.05132308 -0.28874852  0.57254891
[2,] -0.50698853  0.3719958 -0.01445296  0.55305647 -0.54635285
[3,] -0.49235486 -0.6503536  0.10806565  0.39373536  0.40978192
[4,] -0.48462835 -0.3232385  0.02254331 -0.67419539 -0.45343643
[5,] -0.03062778 -0.1128933 -0.99245689  0.03443659  0.01266839

> cumsum(pourc)
[1]  57.68876  82.34348  99.93547  99.97985 100.00000
	On prend les deux premiers axes (>80%).

	
> vect=vec$vectors
> B%*%vect[,1:2]
       [,1]       [,2]
A  8.700907  1.7027046
B  3.938596  0.7085441
C  3.209392 -3.4590552
D -9.755741 -0.2157421
E -6.371422  2.1733326
F  2.974017  4.6509322
G  1.050967 -6.2271742
H -1.980533  4.0685562
I -1.766183 -3.4020982



















